
Pivot: 5735
Left: 5907 7326 7201 8102 8183 7469 7923 9972 9564 9690 9061 7900 8449 8488 8907 7585 8078 8890 8850 8133 6359 8244 7148 7713 6357 8368 9034 6856 6678 6804 7574 9929 7462 6388 8383 9098 7578 6247 9513 6369 9400 6054 6219 9466 5748 7466 7414 7114 8259 6503 7772 6617 9894 7409 7858 5948 6873 6735 6339 6740 8439 7166 8052 6126 8439 7093 8004 6920 8766 6443 7479 8179 6733 7003 8480 7086 8615 8336 9196 7180 7323 6830 6591 8396 9046 6062 9231 8436 9509 5817 6253 9046 9582 7784 6905 8059 6913 5804 9144 6614 7508 8407 8427 7652 8256 9774 6040 8639 6679 6123 8854 9388 7948 6894 6216 7446 5855 6159 7641 9544 6751 9012 8817 7671 6915 7890 8491 6674 8057 6372 7320 8289 8076 7088 5913 5819 9667 6815 6582 6728 9713 9007 8903 7064 7569 7633 7935 7073 6761 6469 7078 8609 8919 7275 6756 7825 6613 6297 8849 5978 6505 6442 5971 7361 6784 5970 7801 8141 9065 6334 7909 6756 7889 9778 7823 6707 9208 5782 5912 7013 8935 6303 6215 7148 8570 8715 8821 7026 8579 8956 8898 6945 7304 9600 6500 8442 7753 6334 7264 7082 9193 7114 8210 9012 9564 7250 9214 9641 7583 8407 6475 9329 6818 7641 6011 9877 5852 9441 6790 8001 7539 6610 6007 9889 6707 8718 7236 9918 8397 5945 7408 7140 8097 8957 6712 7815 6602 5856 9661 6659 8812 9734 7463 7921 8529 5938 6764 9637 6623 6430 6717 6092 8505 5845 8354 6153 6463 6463 9438 6156 9155 5740 6567 8548 7755 6097 7077 
Right: 71 546 5593 4236 4105 4981 2586 1908 3802 418 4482 55 3759 1148 629 2431 3442 3410 2785 1001 2856 1320 4998 3470 815 3624 4355 4368 3125 3860 106 4569 3424 2538 4363 3114 2300 468 4806 4032 65 1617 881 302 2324 1601 4732 1214 2865 1434 4858 5278 4325 4793 5292 2604 678 3762 4710 3828 2680 1061 5004 2662 787 3652 145 1579 2136 2201 2789 1300 1344 3899 2988 3666 494 4729 445 2413 4984 5129 558 3060 575 2760 2202 4341 412 5668 2038 4311 280 1378 5045 3783 4898 581 4792 3535 2300 1664 3828 3637 3371 239 4064 2401 2454 1314 2681 3833 5230 1356 3129 4891 3988 222 3543 5652 402 8 2299 2804 4802 2527 1393 3563 2316 1350 894 4461 3124 5058 708 2827 4251 1050 1059 83 215 2742 476 5685 552 1083 494 314 5282 4775 3369 592 1012 3825 3840 1228 1090 3633 5360 4717 412 5031 4272 1137 2421 557 4404 2598 749 3826 523 5052 3554 1175 996 5619 3131 5605 1688 2100 4346 5484 4216 365 1380 2786 1737 5390 1915 2140 733 4756 1057 2333 2745 4556 4845 739 2119 4953 3029 5162 2151 4417 4163 236 4628 3404 1210 5647 4461 4332 3559 1831 3339 4756 734 2326 741 5694 3686 3058 5075 1561 1544 2279 2567 1133 5361 2343 1693 343 1385 5100 4888 3778 5234 391 5362 928 429 4772 2355 5630 3899 2312 703 4879 2417 850 232 3987 2554 4330 1595 3701 2375 3085 3482 2977 2146 5577 32 3466 2449 4228 50 4567 2755 5664 1963 1032 3611 2017 624 3000 3520 2685 4832 2439 5414 4495 3358 4371 2256 35 3646 2938 4271 4887 2538 3623 1576 3202 2809 2763 1375 4643 289 1161 1196 3105 2603 1194 688 5541 5465 5576 4431 5440 335 1915 1688 1076 4451 2719 4329 922 4094 122 1917 411 4303 2880 5483 1024 25 1808 4398 2665 3742 2380 988 2827 1651 63 4226 4813 802 758 2637 4250 387 3662 3208 1822 3958 3476 1845 5529 4824 5263 4003 3308 3266 419 3887 1188 5232 2416 1990 2342 4627 2945 5093 4641 1857 1686 2453 4468 4298 560 1685 1737 5001 3301 4661 2511 4095 965 2790 5671 


Pivot: 5671
Left: 5685 5694 
Right: 71 546 5593 4236 4105 4981 2586 1908 3802 418 4482 55 3759 1148 629 2431 3442 3410 2785 1001 2856 1320 4998 3470 815 3624 4355 4368 3125 3860 106 4569 3424 2538 4363 3114 2300 468 4806 4032 65 1617 881 302 2324 1601 4732 1214 2865 1434 4858 5278 4325 4793 5292 2604 678 3762 4710 3828 2680 1061 5004 2662 787 3652 145 1579 2136 2201 2789 1300 1344 3899 2988 3666 494 4729 445 2413 4984 5129 558 3060 575 2760 2202 4341 412 5668 2038 4311 280 1378 5045 3783 4898 581 4792 3535 2300 1664 3828 3637 3371 239 4064 2401 2454 1314 2681 3833 5230 1356 3129 4891 3988 222 3543 5652 402 8 2299 2804 4802 2527 1393 3563 2316 1350 894 4461 3124 5058 708 2827 4251 1050 1059 83 215 2742 476 552 1083 494 314 5282 4775 3369 592 1012 3825 3840 1228 1090 3633 5360 4717 412 5031 4272 1137 2421 557 4404 2598 749 3826 523 5052 3554 1175 996 5619 3131 5605 1688 2100 4346 5484 4216 365 1380 2786 1737 5390 1915 2140 733 4756 1057 2333 2745 4556 4845 739 2119 4953 3029 5162 2151 4417 4163 236 4628 3404 1210 5647 4461 4332 3559 1831 3339 4756 734 2326 741 3686 3058 5075 1561 1544 2279 2567 1133 5361 2343 1693 343 1385 5100 4888 3778 5234 391 5362 928 429 4772 2355 5630 3899 2312 703 4879 2417 850 232 3987 2554 4330 1595 3701 2375 3085 3482 2977 2146 5577 32 3466 2449 4228 50 4567 2755 5664 1963 1032 3611 2017 624 3000 3520 2685 4832 2439 5414 4495 3358 4371 2256 35 3646 2938 4271 4887 2538 3623 1576 3202 2809 2763 1375 4643 289 1161 1196 3105 2603 1194 688 5541 5465 5576 4431 5440 335 1915 1688 1076 4451 2719 4329 922 4094 122 1917 411 4303 2880 5483 1024 25 1808 4398 2665 3742 2380 988 2827 1651 63 4226 4813 802 758 2637 4250 387 3662 3208 1822 3958 3476 1845 5529 4824 5263 4003 3308 3266 419 3887 1188 5232 2416 1990 2342 4627 2945 5093 4641 1857 1686 2453 4468 4298 560 1685 1737 5001 3301 4661 2511 4095 965 2790 


Pivot: 2790
Left: 5593 4236 4105 4981 3802 4482 3759 3442 3410 2856 4998 3470 3624 4355 4368 3125 3860 4569 3424 4363 3114 4806 4032 4732 2865 4858 5278 4325 4793 5292 3762 4710 3828 5004 3652 3899 2988 3666 4729 4984 5129 3060 4341 5668 4311 5045 3783 4898 4792 3535 3828 3637 3371 4064 3833 5230 3129 4891 3988 3543 5652 2804 4802 3563 4461 3124 5058 2827 4251 5282 4775 3369 3825 3840 3633 5360 4717 5031 4272 4404 3826 5052 3554 5619 3131 5605 4346 5484 4216 5390 4756 4556 4845 4953 3029 5162 4417 4163 4628 3404 5647 4461 4332 3559 3339 4756 3686 3058 5075 5361 5100 4888 3778 5234 5362 4772 5630 3899 4879 3987 4330 3701 3085 3482 2977 5577 3466 4228 4567 5664 3611 3000 3520 4832 5414 4495 3358 4371 3646 2938 4271 4887 3623 3202 2809 4643 3105 5541 5465 5576 4431 5440 4451 4329 4094 4303 2880 5483 4398 3742 2827 4226 4813 4250 3662 3208 3958 3476 5529 4824 5263 4003 3308 3266 3887 5232 4627 2945 5093 4641 4468 4298 5001 3301 4661 4095 
Right: 71 546 2586 1908 418 55 1148 629 2431 2785 1001 1320 815 106 2538 2300 468 65 1617 881 302 2324 1601 1214 1434 2604 678 2680 1061 2662 787 145 1579 2136 2201 2789 1300 1344 494 445 2413 558 575 2760 2202 412 2038 280 1378 581 2300 1664 239 2401 2454 1314 2681 1356 222 402 8 2299 2527 1393 2316 1350 894 708 1050 1059 83 215 2742 476 552 1083 494 314 592 1012 1228 1090 412 1137 2421 557 2598 749 523 1175 996 1688 2100 365 1380 2786 1737 1915 2140 733 1057 2333 2745 739 2119 2151 236 1210 1831 734 2326 741 1561 1544 2279 2567 1133 2343 1693 343 1385 391 928 429 2355 2312 703 2417 850 232 2554 1595 2375 2146 32 2449 50 2755 1963 1032 2017 624 2685 2439 2256 35 2538 1576 2763 1375 289 1161 1196 2603 1194 688 335 1915 1688 1076 2719 922 122 1917 411 1024 25 1808 2665 2380 988 1651 63 802 758 2637 387 1822 1845 419 1188 2416 1990 2342 1857 1686 2453 560 1685 1737 2511 965 


Pivot: 965
Left: 2586 1908 1148 2431 2785 1001 1320 2538 2300 1617 2324 1601 1214 1434 2604 2680 1061 2662 1579 2136 2201 2789 1300 1344 2413 2760 2202 2038 1378 2300 1664 2401 2454 1314 2681 1356 2299 2527 1393 2316 1350 1050 1059 2742 1083 1012 1228 1090 1137 2421 2598 1175 996 1688 2100 1380 2786 1737 1915 2140 1057 2333 2745 2119 2151 1210 1831 2326 1561 1544 2279 2567 1133 2343 1693 1385 2355 2312 2417 2554 1595 2375 2146 2449 2755 1963 1032 2017 2685 2439 2256 2538 1576 2763 1375 1161 1196 2603 1194 1915 1688 1076 2719 1917 1024 1808 2665 2380 988 1651 2637 1822 1845 1188 2416 1990 2342 1857 1686 2453 1685 1737 2511 
Right: 71 546 418 55 629 815 106 468 65 881 302 678 787 145 494 445 558 575 412 280 581 239 222 402 8 894 708 83 215 476 552 494 314 592 412 557 749 523 365 733 739 236 734 741 343 391 928 429 703 850 232 32 50 624 35 289 688 335 922 122 411 25 63 802 758 387 419 560 


Pivot: 560
Left: 629 815 881 678 787 575 581 894 708 592 749 733 739 734 741 928 703 850 624 688 922 802 758 
Right: 71 546 418 55 106 468 65 302 145 494 445 558 412 280 239 222 402 8 83 215 476 552 494 314 412 557 523 365 236 343 391 429 232 32 50 35 289 335 122 411 25 63 387 419 


Pivot: 419
Left: 546 468 494 445 558 476 552 494 557 523 429 
Right: 71 418 55 106 65 302 145 412 280 239 222 402 8 83 215 314 412 365 236 343 391 232 32 50 35 289 335 122 411 25 63 387 


Pivot: 387
Left: 418 412 402 412 391 411 
Right: 71 55 106 65 302 145 280 239 222 8 83 215 314 365 236 343 232 32 50 35 289 335 122 25 63 


Pivot: 63
Left: 71 106 65 302 145 280 239 222 83 215 314 365 236 343 232 289 335 122 
Right: 55 8 32 50 35 25 


Pivot: 25
Left: 55 32 50 35 
Right: 8 


Pivot: 35
Left: 55 50 
Right: 32 


Pivot: 122
Left: 302 145 280 239 222 215 314 365 236 343 232 289 335 
Right: 71 106 65 83 


Pivot: 83
Left: 106 
Right: 71 65 


Pivot: 335
Left: 365 343 
Right: 302 145 280 239 222 215 314 236 232 289 


Pivot: 289
Left: 302 314 
Right: 145 280 239 222 215 236 232 


Pivot: 232
Left: 280 239 236 
Right: 145 222 215 


Pivot: 215
Left: 222 
Right: 145 


Pivot: 236
Left: 280 239 
Right: 


Pivot: 411
Left: 418 412 412 
Right: 402 391 


Pivot: 412
Left: 418 
Right: 


Pivot: 429
Left: 546 468 494 445 558 476 552 494 557 523 
Right: 


Pivot: 523
Left: 546 558 552 557 
Right: 468 494 445 476 494 


Pivot: 494
Left: 
Right: 468 445 476 


Pivot: 476
Left: 
Right: 468 445 


Pivot: 557
Left: 558 
Right: 546 552 


Pivot: 758
Left: 815 881 787 894 928 850 922 802 
Right: 629 678 575 581 708 592 749 733 739 734 741 703 624 688 


Pivot: 688
Left: 708 749 733 739 734 741 703 
Right: 629 678 575 581 592 624 


Pivot: 624
Left: 629 678 
Right: 575 581 592 


Pivot: 592
Left: 
Right: 575 581 


Pivot: 703
Left: 708 749 733 739 734 741 
Right: 


Pivot: 741
Left: 749 
Right: 708 733 739 734 


Pivot: 734
Left: 739 
Right: 708 733 


Pivot: 802
Left: 815 881 894 928 850 922 
Right: 787 


Pivot: 922
Left: 928 
Right: 815 881 894 850 


Pivot: 850
Left: 881 894 
Right: 815 


Pivot: 2511
Left: 2586 2785 2538 2604 2680 2662 2789 2760 2681 2527 2742 2598 2786 2745 2567 2554 2755 2685 2538 2763 2603 2719 2665 2637 
Right: 1908 1148 2431 1001 1320 2300 1617 2324 1601 1214 1434 1061 1579 2136 2201 1300 1344 2413 2202 2038 1378 2300 1664 2401 2454 1314 1356 2299 1393 2316 1350 1050 1059 1083 1012 1228 1090 1137 2421 1175 996 1688 2100 1380 1737 1915 2140 1057 2333 2119 2151 1210 1831 2326 1561 1544 2279 1133 2343 1693 1385 2355 2312 2417 1595 2375 2146 2449 1963 1032 2017 2439 2256 1576 1375 1161 1196 1194 1915 1688 1076 1917 1024 1808 2380 988 1651 1822 1845 1188 2416 1990 2342 1857 1686 2453 1685 1737 


Pivot: 1737
Left: 1908 2431 2300 2324 2136 2201 2413 2202 2038 2300 2401 2454 2299 2316 2421 2100 1915 2140 2333 2119 2151 1831 2326 2279 2343 2355 2312 2417 2375 2146 2449 1963 2017 2439 2256 1915 1917 1808 2380 1822 1845 2416 1990 2342 1857 2453 
Right: 1148 1001 1320 1617 1601 1214 1434 1061 1579 1300 1344 1378 1664 1314 1356 1393 1350 1050 1059 1083 1012 1228 1090 1137 1175 996 1688 1380 1057 1210 1561 1544 1133 1693 1385 1595 1032 1576 1375 1161 1196 1194 1688 1076 1024 988 1651 1188 1686 1685 


Pivot: 1685
Left: 1688 1693 1688 1686 
Right: 1148 1001 1320 1617 1601 1214 1434 1061 1579 1300 1344 1378 1664 1314 1356 1393 1350 1050 1059 1083 1012 1228 1090 1137 1175 996 1380 1057 1210 1561 1544 1133 1385 1595 1032 1576 1375 1161 1196 1194 1076 1024 988 1651 1188 


Pivot: 1188
Left: 1320 1617 1601 1214 1434 1579 1300 1344 1378 1664 1314 1356 1393 1350 1228 1380 1210 1561 1544 1385 1595 1576 1375 1196 1194 1651 
Right: 1148 1001 1061 1050 1059 1083 1012 1090 1137 1175 996 1057 1133 1032 1161 1076 1024 988 


Pivot: 988
Left: 1148 1001 1061 1050 1059 1083 1012 1090 1137 1175 996 1057 1133 1032 1161 1076 1024 
Right: 


Pivot: 1024
Left: 1148 1061 1050 1059 1083 1090 1137 1175 1057 1133 1032 1161 1076 
Right: 1001 1012 996 


Pivot: 996
Left: 1001 1012 
Right: 


Pivot: 1076
Left: 1148 1083 1090 1137 1175 1133 1161 
Right: 1061 1050 1059 1057 1032 


Pivot: 1032
Left: 1061 1050 1059 1057 
Right: 


Pivot: 1057
Left: 1061 1059 
Right: 1050 


Pivot: 1161
Left: 1175 
Right: 1148 1083 1090 1137 1133 


Pivot: 1133
Left: 1148 1137 
Right: 1083 1090 


Pivot: 1651
Left: 1664 
Right: 1320 1617 1601 1214 1434 1579 1300 1344 1378 1314 1356 1393 1350 1228 1380 1210 1561 1544 1385 1595 1576 1375 1196 1194 


Pivot: 1194
Left: 1320 1617 1601 1214 1434 1579 1300 1344 1378 1314 1356 1393 1350 1228 1380 1210 1561 1544 1385 1595 1576 1375 1196 
Right: 


Pivot: 1196
Left: 1320 1617 1601 1214 1434 1579 1300 1344 1378 1314 1356 1393 1350 1228 1380 1210 1561 1544 1385 1595 1576 1375 
Right: 


Pivot: 1375
Left: 1617 1601 1434 1579 1378 1393 1380 1561 1544 1385 1595 1576 
Right: 1320 1214 1300 1344 1314 1356 1350 1228 1210 


Pivot: 1210
Left: 1320 1214 1300 1344 1314 1356 1350 1228 
Right: 


Pivot: 1228
Left: 1320 1300 1344 1314 1356 1350 
Right: 1214 


Pivot: 1350
Left: 1356 
Right: 1320 1300 1344 1314 


Pivot: 1314
Left: 1320 1344 
Right: 1300 


Pivot: 1576
Left: 1617 1601 1579 1595 
Right: 1434 1378 1393 1380 1561 1544 1385 


Pivot: 1385
Left: 1434 1393 1561 1544 
Right: 1378 1380 


Pivot: 1544
Left: 1561 
Right: 1434 1393 


Pivot: 1595
Left: 1617 1601 
Right: 1579 


Pivot: 1686
Left: 1688 1693 1688 
Right: 


Pivot: 1688
Left: 1693 
Right: 


Pivot: 2453
Left: 2454 
Right: 1908 2431 2300 2324 2136 2201 2413 2202 2038 2300 2401 2299 2316 2421 2100 1915 2140 2333 2119 2151 1831 2326 2279 2343 2355 2312 2417 2375 2146 2449 1963 2017 2439 2256 1915 1917 1808 2380 1822 1845 2416 1990 2342 1857 


Pivot: 1857
Left: 1908 2431 2300 2324 2136 2201 2413 2202 2038 2300 2401 2299 2316 2421 2100 1915 2140 2333 2119 2151 2326 2279 2343 2355 2312 2417 2375 2146 2449 1963 2017 2439 2256 1915 1917 2380 2416 1990 2342 
Right: 1831 1808 1822 1845 


Pivot: 1845
Left: 
Right: 1831 1808 1822 


Pivot: 1822
Left: 1831 
Right: 1808 


Pivot: 2342
Left: 2431 2413 2401 2421 2343 2355 2417 2375 2449 2439 2380 2416 
Right: 1908 2300 2324 2136 2201 2202 2038 2300 2299 2316 2100 1915 2140 2333 2119 2151 2326 2279 2312 2146 1963 2017 2256 1915 1917 1990 


Pivot: 1990
Left: 2300 2324 2136 2201 2202 2038 2300 2299 2316 2100 2140 2333 2119 2151 2326 2279 2312 2146 2017 2256 
Right: 1908 1915 1963 1915 1917 


Pivot: 1917
Left: 1963 
Right: 1908 1915 1915 


Pivot: 1915
Left: 
Right: 1908 


Pivot: 2256
Left: 2300 2324 2300 2299 2316 2333 2326 2279 2312 
Right: 2136 2201 2202 2038 2100 2140 2119 2151 2146 2017 


Pivot: 2017
Left: 2136 2201 2202 2038 2100 2140 2119 2151 2146 
Right: 


Pivot: 2146
Left: 2201 2202 2151 
Right: 2136 2038 2100 2140 2119 


Pivot: 2119
Left: 2136 2140 
Right: 2038 2100 


Pivot: 2151
Left: 2201 2202 
Right: 


Pivot: 2312
Left: 2324 2316 2333 2326 
Right: 2300 2300 2299 2279 


Pivot: 2279
Left: 2300 2300 2299 
Right: 


Pivot: 2299
Left: 2300 2300 
Right: 


Pivot: 2326
Left: 2333 
Right: 2324 2316 


Pivot: 2416
Left: 2431 2421 2417 2449 2439 
Right: 2413 2401 2343 2355 2375 2380 


Pivot: 2380
Left: 2413 2401 
Right: 2343 2355 2375 


Pivot: 2375
Left: 
Right: 2343 2355 


Pivot: 2439
Left: 2449 
Right: 2431 2421 2417 


Pivot: 2417
Left: 2431 2421 
Right: 


Pivot: 2637
Left: 2785 2680 2662 2789 2760 2681 2742 2786 2745 2755 2685 2763 2719 2665 
Right: 2586 2538 2604 2527 2598 2567 2554 2538 2603 


Pivot: 2603
Left: 2604 
Right: 2586 2538 2527 2598 2567 2554 2538 


Pivot: 2538
Left: 2586 2598 2567 2554 
Right: 2527 


Pivot: 2554
Left: 2586 2598 2567 
Right: 


Pivot: 2567
Left: 2586 2598 
Right: 


Pivot: 2665
Left: 2785 2680 2789 2760 2681 2742 2786 2745 2755 2685 2763 2719 
Right: 2662 


Pivot: 2719
Left: 2785 2789 2760 2742 2786 2745 2755 2763 
Right: 2680 2681 2685 


Pivot: 2685
Left: 
Right: 2680 2681 


Pivot: 2763
Left: 2785 2789 2786 
Right: 2760 2742 2745 2755 


Pivot: 2755
Left: 2760 
Right: 2742 2745 


Pivot: 2786
Left: 2789 
Right: 2785 


Pivot: 4095
Left: 5593 4236 4105 4981 4482 4998 4355 4368 4569 4363 4806 4732 4858 5278 4325 4793 5292 4710 5004 4729 4984 5129 4341 5668 4311 5045 4898 4792 5230 4891 5652 4802 4461 5058 4251 5282 4775 5360 4717 5031 4272 4404 5052 5619 5605 4346 5484 4216 5390 4756 4556 4845 4953 5162 4417 4163 4628 5647 4461 4332 4756 5075 5361 5100 4888 5234 5362 4772 5630 4879 4330 5577 4228 4567 5664 4832 5414 4495 4371 4271 4887 4643 5541 5465 5576 4431 5440 4451 4329 4303 5483 4398 4226 4813 4250 5529 4824 5263 5232 4627 5093 4641 4468 4298 5001 4661 
Right: 3802 3759 3442 3410 2856 3470 3624 3125 3860 3424 3114 4032 2865 3762 3828 3652 3899 2988 3666 3060 3783 3535 3828 3637 3371 4064 3833 3129 3988 3543 2804 3563 3124 2827 3369 3825 3840 3633 3826 3554 3131 3029 3404 3559 3339 3686 3058 3778 3899 3987 3701 3085 3482 2977 3466 3611 3000 3520 3358 3646 2938 3623 3202 2809 3105 4094 2880 3742 2827 3662 3208 3958 3476 4003 3308 3266 3887 2945 3301 


Pivot: 3301
Left: 3802 3759 3442 3410 3470 3624 3860 3424 4032 3762 3828 3652 3899 3666 3783 3535 3828 3637 3371 4064 3833 3988 3543 3563 3369 3825 3840 3633 3826 3554 3404 3559 3339 3686 3778 3899 3987 3701 3482 3466 3611 3520 3358 3646 3623 4094 3742 3662 3958 3476 4003 3308 3887 
Right: 2856 3125 3114 2865 2988 3060 3129 2804 3124 2827 3131 3029 3058 3085 2977 3000 2938 3202 2809 3105 2880 2827 3208 3266 2945 


Pivot: 2945
Left: 3125 3114 2988 3060 3129 3124 3131 3029 3058 3085 2977 3000 3202 3105 3208 3266 
Right: 2856 2865 2804 2827 2938 2809 2880 2827 


Pivot: 2827
Left: 2856 2865 2938 2880 
Right: 2804 2809 


Pivot: 2880
Left: 2938 
Right: 2856 2865 


Pivot: 3266
Left: 
Right: 3125 3114 2988 3060 3129 3124 3131 3029 3058 3085 2977 3000 3202 3105 3208 


Pivot: 3208
Left: 
Right: 3125 3114 2988 3060 3129 3124 3131 3029 3058 3085 2977 3000 3202 3105 


Pivot: 3105
Left: 3125 3114 3129 3124 3131 3202 
Right: 2988 3060 3029 3058 3085 2977 3000 


Pivot: 3000
Left: 3060 3029 3058 3085 
Right: 2988 2977 


Pivot: 3085
Left: 
Right: 3060 3029 3058 


Pivot: 3058
Left: 3060 
Right: 3029 


Pivot: 3202
Left: 
Right: 3125 3114 3129 3124 3131 


Pivot: 3131
Left: 
Right: 3125 3114 3129 3124 


Pivot: 3124
Left: 3125 3129 
Right: 3114 


Pivot: 3887
Left: 4032 3899 4064 3988 3899 3987 4094 3958 4003 
Right: 3802 3759 3442 3410 3470 3624 3860 3424 3762 3828 3652 3666 3783 3535 3828 3637 3371 3833 3543 3563 3369 3825 3840 3633 3826 3554 3404 3559 3339 3686 3778 3701 3482 3466 3611 3520 3358 3646 3623 3742 3662 3476 3308 


Pivot: 3308
Left: 3802 3759 3442 3410 3470 3624 3860 3424 3762 3828 3652 3666 3783 3535 3828 3637 3371 3833 3543 3563 3369 3825 3840 3633 3826 3554 3404 3559 3339 3686 3778 3701 3482 3466 3611 3520 3358 3646 3623 3742 3662 3476 
Right: 


Pivot: 3476
Left: 3802 3759 3624 3860 3762 3828 3652 3666 3783 3535 3828 3637 3833 3543 3563 3825 3840 3633 3826 3554 3559 3686 3778 3701 3482 3611 3520 3646 3623 3742 3662 
Right: 3442 3410 3470 3424 3371 3369 3404 3339 3466 3358 


Pivot: 3358
Left: 3442 3410 3470 3424 3371 3369 3404 3466 
Right: 3339 


Pivot: 3466
Left: 3470 
Right: 3442 3410 3424 3371 3369 3404 


Pivot: 3404
Left: 3442 3410 3424 
Right: 3371 3369 


Pivot: 3424
Left: 3442 
Right: 3410 


Pivot: 3662
Left: 3802 3759 3860 3762 3828 3666 3783 3828 3833 3825 3840 3826 3686 3778 3701 3742 
Right: 3624 3652 3535 3637 3543 3563 3633 3554 3559 3482 3611 3520 3646 3623 


Pivot: 3623
Left: 3624 3652 3637 3633 3646 
Right: 3535 3543 3563 3554 3559 3482 3611 3520 


Pivot: 3520
Left: 3535 3543 3563 3554 3559 3611 
Right: 3482 


Pivot: 3611
Left: 
Right: 3535 3543 3563 3554 3559 


Pivot: 3559
Left: 3563 
Right: 3535 3543 3554 


Pivot: 3554
Left: 
Right: 3535 3543 


Pivot: 3646
Left: 3652 
Right: 3624 3637 3633 


Pivot: 3633
Left: 3637 
Right: 3624 


Pivot: 3742
Left: 3802 3759 3860 3762 3828 3783 3828 3833 3825 3840 3826 3778 
Right: 3666 3686 3701 


Pivot: 3701
Left: 
Right: 3666 3686 


Pivot: 3778
Left: 3802 3860 3828 3783 3828 3833 3825 3840 3826 
Right: 3759 3762 


Pivot: 3826
Left: 3860 3828 3828 3833 3840 
Right: 3802 3783 3825 


Pivot: 3825
Left: 
Right: 3802 3783 


Pivot: 3840
Left: 3860 
Right: 3828 3828 3833 


Pivot: 3833
Left: 
Right: 3828 3828 


Pivot: 4003
Left: 4032 4064 4094 
Right: 3899 3988 3899 3987 3958 


Pivot: 3958
Left: 3988 3987 
Right: 3899 3899 


Pivot: 4094
Left: 
Right: 4032 4064 


Pivot: 4661
Left: 5593 4981 4998 4806 4732 4858 5278 4793 5292 4710 5004 4729 4984 5129 5668 5045 4898 4792 5230 4891 5652 4802 5058 5282 4775 5360 4717 5031 5052 5619 5605 5484 5390 4756 4845 4953 5162 5647 4756 5075 5361 5100 4888 5234 5362 4772 5630 4879 5577 5664 4832 5414 4887 5541 5465 5576 5440 5483 4813 5529 4824 5263 5232 5093 5001 
Right: 4236 4105 4482 4355 4368 4569 4363 4325 4341 4311 4461 4251 4272 4404 4346 4216 4556 4417 4163 4628 4461 4332 4330 4228 4567 4495 4371 4271 4643 4431 4451 4329 4303 4398 4226 4250 4627 4641 4468 4298 


Pivot: 4298
Left: 4482 4355 4368 4569 4363 4325 4341 4311 4461 4404 4346 4556 4417 4628 4461 4332 4330 4567 4495 4371 4643 4431 4451 4329 4303 4398 4627 4641 4468 
Right: 4236 4105 4251 4272 4216 4163 4228 4271 4226 4250 


Pivot: 4250
Left: 4251 4272 4271 
Right: 4236 4105 4216 4163 4228 4226 


Pivot: 4226
Left: 4236 4228 
Right: 4105 4216 4163 


Pivot: 4163
Left: 4216 
Right: 4105 


Pivot: 4271
Left: 4272 
Right: 4251 


Pivot: 4468
Left: 4482 4569 4556 4628 4567 4495 4643 4627 4641 
Right: 4355 4368 4363 4325 4341 4311 4461 4404 4346 4417 4461 4332 4330 4371 4431 4451 4329 4303 4398 


Pivot: 4398
Left: 4461 4404 4417 4461 4431 4451 
Right: 4355 4368 4363 4325 4341 4311 4346 4332 4330 4371 4329 4303 


Pivot: 4303
Left: 4355 4368 4363 4325 4341 4311 4346 4332 4330 4371 4329 
Right: 


Pivot: 4329
Left: 4355 4368 4363 4341 4346 4332 4330 4371 
Right: 4325 4311 


Pivot: 4371
Left: 
Right: 4355 4368 4363 4341 4346 4332 4330 


Pivot: 4330
Left: 4355 4368 4363 4341 4346 4332 
Right: 


Pivot: 4332
Left: 4355 4368 4363 4341 4346 
Right: 


Pivot: 4346
Left: 4355 4368 4363 
Right: 4341 


Pivot: 4363
Left: 4368 
Right: 4355 


Pivot: 4451
Left: 4461 4461 
Right: 4404 4417 4431 


Pivot: 4431
Left: 
Right: 4404 4417 


Pivot: 4641
Left: 4643 
Right: 4482 4569 4556 4628 4567 4495 4627 


Pivot: 4627
Left: 4628 
Right: 4482 4569 4556 4567 4495 


Pivot: 4495
Left: 4569 4556 4567 
Right: 4482 


Pivot: 4567
Left: 4569 
Right: 4556 


Pivot: 5001
Left: 5593 5278 5292 5004 5129 5668 5045 5230 5652 5058 5282 5360 5031 5052 5619 5605 5484 5390 5162 5647 5075 5361 5100 5234 5362 5630 5577 5664 5414 5541 5465 5576 5440 5483 5529 5263 5232 5093 
Right: 4981 4998 4806 4732 4858 4793 4710 4729 4984 4898 4792 4891 4802 4775 4717 4756 4845 4953 4756 4888 4772 4879 4832 4887 4813 4824 


Pivot: 4824
Left: 4981 4998 4858 4984 4898 4891 4845 4953 4888 4879 4832 4887 
Right: 4806 4732 4793 4710 4729 4792 4802 4775 4717 4756 4756 4772 4813 


Pivot: 4813
Left: 
Right: 4806 4732 4793 4710 4729 4792 4802 4775 4717 4756 4756 4772 


Pivot: 4772
Left: 4806 4793 4792 4802 4775 
Right: 4732 4710 4729 4717 4756 4756 


Pivot: 4756
Left: 
Right: 4732 4710 4729 4717 


Pivot: 4717
Left: 4732 4729 
Right: 4710 


Pivot: 4775
Left: 4806 4793 4792 4802 
Right: 


Pivot: 4802
Left: 4806 
Right: 4793 4792 


Pivot: 4887
Left: 4981 4998 4984 4898 4891 4953 4888 
Right: 4858 4845 4879 4832 


Pivot: 4832
Left: 4858 4845 4879 
Right: 


Pivot: 4879
Left: 
Right: 4858 4845 


Pivot: 4888
Left: 4981 4998 4984 4898 4891 4953 
Right: 


Pivot: 4953
Left: 4981 4998 4984 
Right: 4898 4891 


Pivot: 4984
Left: 4998 
Right: 4981 


Pivot: 5093
Left: 5593 5278 5292 5129 5668 5230 5652 5282 5360 5619 5605 5484 5390 5162 5647 5361 5100 5234 5362 5630 5577 5664 5414 5541 5465 5576 5440 5483 5529 5263 5232 
Right: 5004 5045 5058 5031 5052 5075 


Pivot: 5075
Left: 
Right: 5004 5045 5058 5031 5052 


Pivot: 5052
Left: 5058 
Right: 5004 5045 5031 


Pivot: 5031
Left: 5045 
Right: 5004 


Pivot: 5232
Left: 5593 5278 5292 5668 5652 5282 5360 5619 5605 5484 5390 5647 5361 5234 5362 5630 5577 5664 5414 5541 5465 5576 5440 5483 5529 5263 
Right: 5129 5230 5162 5100 


Pivot: 5100
Left: 5129 5230 5162 
Right: 


Pivot: 5162
Left: 5230 
Right: 5129 


Pivot: 5263
Left: 5593 5278 5292 5668 5652 5282 5360 5619 5605 5484 5390 5647 5361 5362 5630 5577 5664 5414 5541 5465 5576 5440 5483 5529 
Right: 5234 


Pivot: 5529
Left: 5593 5668 5652 5619 5605 5647 5630 5577 5664 5541 5576 
Right: 5278 5292 5282 5360 5484 5390 5361 5362 5414 5465 5440 5483 


Pivot: 5483
Left: 5484 
Right: 5278 5292 5282 5360 5390 5361 5362 5414 5465 5440 


Pivot: 5440
Left: 5465 
Right: 5278 5292 5282 5360 5390 5361 5362 5414 


Pivot: 5414
Left: 
Right: 5278 5292 5282 5360 5390 5361 5362 


Pivot: 5362
Left: 5390 
Right: 5278 5292 5282 5360 5361 


Pivot: 5361
Left: 
Right: 5278 5292 5282 5360 


Pivot: 5360
Left: 
Right: 5278 5292 5282 


Pivot: 5282
Left: 5292 
Right: 5278 


Pivot: 5576
Left: 5593 5668 5652 5619 5605 5647 5630 5577 5664 
Right: 5541 


Pivot: 5664
Left: 5668 
Right: 5593 5652 5619 5605 5647 5630 5577 


Pivot: 5577
Left: 5593 5652 5619 5605 5647 5630 
Right: 


Pivot: 5630
Left: 5652 5647 
Right: 5593 5619 5605 


Pivot: 5605
Left: 5619 
Right: 5593 


Pivot: 7077
Left: 7326 7201 8102 8183 7469 7923 9972 9564 9690 9061 7900 8449 8488 8907 7585 8078 8890 8850 8133 8244 7148 7713 8368 9034 7574 9929 7462 8383 9098 7578 9513 9400 9466 7466 7414 7114 8259 7772 9894 7409 7858 8439 7166 8052 8439 7093 8004 8766 7479 8179 8480 7086 8615 8336 9196 7180 7323 8396 9046 9231 8436 9509 9046 9582 7784 8059 9144 7508 8407 8427 7652 8256 9774 8639 8854 9388 7948 7446 7641 9544 9012 8817 7671 7890 8491 8057 7320 8289 8076 7088 9667 9713 9007 8903 7569 7633 7935 7078 8609 8919 7275 7825 8849 7361 7801 8141 9065 7909 7889 9778 7823 9208 8935 7148 8570 8715 8821 8579 8956 8898 7304 9600 8442 7753 7264 7082 9193 7114 8210 9012 9564 7250 9214 9641 7583 8407 9329 7641 9877 9441 8001 7539 9889 8718 7236 9918 8397 7408 7140 8097 8957 7815 9661 8812 9734 7463 7921 8529 9637 8505 8354 9438 9155 8548 7755 
Right: 5907 6359 6357 6856 6678 6804 6388 6247 6369 6054 6219 5748 6503 6617 5948 6873 6735 6339 6740 6126 6920 6443 6733 7003 6830 6591 6062 5817 6253 6905 6913 5804 6614 6040 6679 6123 6894 6216 5855 6159 6751 6915 6674 6372 5913 5819 6815 6582 6728 7064 7073 6761 6469 6756 6613 6297 5978 6505 6442 5971 6784 5970 6334 6756 6707 5782 5912 7013 6303 6215 7026 6945 6500 6334 6475 6818 6011 5852 6790 6610 6007 6707 5945 6712 6602 5856 6659 5938 6764 6623 6430 6717 6092 5845 6153 6463 6463 6156 5740 6567 6097 


Pivot: 6097
Left: 6359 6357 6856 6678 6804 6388 6247 6369 6219 6503 6617 6873 6735 6339 6740 6126 6920 6443 6733 7003 6830 6591 6253 6905 6913 6614 6679 6123 6894 6216 6159 6751 6915 6674 6372 6815 6582 6728 7064 7073 6761 6469 6756 6613 6297 6505 6442 6784 6334 6756 6707 7013 6303 6215 7026 6945 6500 6334 6475 6818 6790 6610 6707 6712 6602 6659 6764 6623 6430 6717 6153 6463 6463 6156 6567 
Right: 5907 6054 5748 5948 6062 5817 5804 6040 5855 5913 5819 5978 5971 5970 5782 5912 6011 5852 6007 5945 5856 5938 6092 5845 5740 


Pivot: 5740
Left: 5907 6054 5748 5948 6062 5817 5804 6040 5855 5913 5819 5978 5971 5970 5782 5912 6011 5852 6007 5945 5856 5938 6092 5845 
Right: 


Pivot: 5845
Left: 5907 6054 5948 6062 6040 5855 5913 5978 5971 5970 5912 6011 5852 6007 5945 5856 5938 6092 
Right: 5748 5817 5804 5819 5782 


Pivot: 5782
Left: 5817 5804 5819 
Right: 5748 


Pivot: 5819
Left: 
Right: 5817 5804 


Pivot: 6092
Left: 
Right: 5907 6054 5948 6062 6040 5855 5913 5978 5971 5970 5912 6011 5852 6007 5945 5856 5938 


Pivot: 5938
Left: 6054 5948 6062 6040 5978 5971 5970 6011 6007 5945 
Right: 5907 5855 5913 5912 5852 5856 


Pivot: 5856
Left: 5907 5913 5912 
Right: 5855 5852 


Pivot: 5912
Left: 5913 
Right: 5907 


Pivot: 5945
Left: 6054 5948 6062 6040 5978 5971 5970 6011 6007 
Right: 


Pivot: 6007
Left: 6054 6062 6040 6011 
Right: 5948 5978 5971 5970 


Pivot: 5970
Left: 5978 5971 
Right: 5948 


Pivot: 6011
Left: 6054 6062 6040 
Right: 


Pivot: 6040
Left: 6054 6062 
Right: 


Pivot: 6567
Left: 6856 6678 6804 6617 6873 6735 6740 6920 6733 7003 6830 6591 6905 6913 6614 6679 6894 6751 6915 6674 6815 6582 6728 7064 7073 6761 6756 6613 6784 6756 6707 7013 7026 6945 6818 6790 6610 6707 6712 6602 6659 6764 6623 6717 
Right: 6359 6357 6388 6247 6369 6219 6503 6339 6126 6443 6253 6123 6216 6159 6372 6469 6297 6505 6442 6334 6303 6215 6500 6334 6475 6430 6153 6463 6463 6156 


Pivot: 6156
Left: 6359 6357 6388 6247 6369 6219 6503 6339 6443 6253 6216 6159 6372 6469 6297 6505 6442 6334 6303 6215 6500 6334 6475 6430 6463 6463 
Right: 6126 6123 6153 


Pivot: 6153
Left: 
Right: 6126 6123 


Pivot: 6463
Left: 6503 6469 6505 6500 6475 
Right: 6359 6357 6388 6247 6369 6219 6339 6443 6253 6216 6159 6372 6297 6442 6334 6303 6215 6334 6430 


Pivot: 6430
Left: 6443 6442 
Right: 6359 6357 6388 6247 6369 6219 6339 6253 6216 6159 6372 6297 6334 6303 6215 6334 


Pivot: 6334
Left: 6359 6357 6388 6369 6339 6372 
Right: 6247 6219 6253 6216 6159 6297 6303 6215 


Pivot: 6215
Left: 6247 6219 6253 6216 6297 6303 
Right: 6159 


Pivot: 6303
Left: 
Right: 6247 6219 6253 6216 6297 


Pivot: 6297
Left: 
Right: 6247 6219 6253 6216 


Pivot: 6216
Left: 6247 6219 6253 
Right: 


Pivot: 6253
Left: 
Right: 6247 6219 


Pivot: 6372
Left: 6388 
Right: 6359 6357 6369 6339 


Pivot: 6339
Left: 6359 6357 6369 
Right: 


Pivot: 6369
Left: 
Right: 6359 6357 


Pivot: 6475
Left: 6503 6505 6500 
Right: 6469 


Pivot: 6500
Left: 6503 6505 
Right: 


Pivot: 6717
Left: 6856 6804 6873 6735 6740 6920 6733 7003 6830 6905 6913 6894 6751 6915 6815 6728 7064 7073 6761 6756 6784 6756 7013 7026 6945 6818 6790 6764 
Right: 6678 6617 6591 6614 6679 6674 6582 6613 6707 6610 6707 6712 6602 6659 6623 


Pivot: 6623
Left: 6678 6679 6674 6707 6707 6712 6659 
Right: 6617 6591 6614 6582 6613 6610 6602 


Pivot: 6602
Left: 6617 6614 6613 6610 
Right: 6591 6582 


Pivot: 6610
Left: 6617 6614 6613 
Right: 


Pivot: 6613
Left: 6617 6614 
Right: 


Pivot: 6659
Left: 6678 6679 6674 6707 6707 6712 
Right: 


Pivot: 6712
Left: 
Right: 6678 6679 6674 6707 6707 


Pivot: 6707
Left: 
Right: 6678 6679 6674 


Pivot: 6674
Left: 6678 6679 
Right: 


Pivot: 6764
Left: 6856 6804 6873 6920 7003 6830 6905 6913 6894 6915 6815 7064 7073 6784 7013 7026 6945 6818 6790 
Right: 6735 6740 6733 6751 6728 6761 6756 6756 


Pivot: 6756
Left: 6761 
Right: 6735 6740 6733 6751 6728 


Pivot: 6728
Left: 6735 6740 6733 6751 
Right: 


Pivot: 6751
Left: 
Right: 6735 6740 6733 


Pivot: 6733
Left: 6735 6740 
Right: 


Pivot: 6790
Left: 6856 6804 6873 6920 7003 6830 6905 6913 6894 6915 6815 7064 7073 7013 7026 6945 6818 
Right: 6784 


Pivot: 6818
Left: 6856 6873 6920 7003 6830 6905 6913 6894 6915 7064 7073 7013 7026 6945 
Right: 6804 6815 


Pivot: 6945
Left: 7003 7064 7073 7013 7026 
Right: 6856 6873 6920 6830 6905 6913 6894 6915 


Pivot: 6915
Left: 6920 
Right: 6856 6873 6830 6905 6913 6894 


Pivot: 6894
Left: 6905 6913 
Right: 6856 6873 6830 


Pivot: 6830
Left: 6856 6873 
Right: 


Pivot: 7026
Left: 7064 7073 
Right: 7003 7013 


Pivot: 7755
Left: 8102 8183 7923 9972 9564 9690 9061 7900 8449 8488 8907 8078 8890 8850 8133 8244 8368 9034 9929 8383 9098 9513 9400 9466 8259 7772 9894 7858 8439 8052 8439 8004 8766 8179 8480 8615 8336 9196 8396 9046 9231 8436 9509 9046 9582 7784 8059 9144 8407 8427 8256 9774 8639 8854 9388 7948 9544 9012 8817 7890 8491 8057 8289 8076 9667 9713 9007 8903 7935 8609 8919 7825 8849 7801 8141 9065 7909 7889 9778 7823 9208 8935 8570 8715 8821 8579 8956 8898 9600 8442 9193 8210 9012 9564 9214 9641 8407 9329 9877 9441 8001 9889 8718 9918 8397 8097 8957 7815 9661 8812 9734 7921 8529 9637 8505 8354 9438 9155 8548 
Right: 7326 7201 7469 7585 7148 7713 7574 7462 7578 7466 7414 7114 7409 7166 7093 7479 7086 7180 7323 7508 7652 7446 7641 7671 7320 7088 7569 7633 7078 7275 7361 7148 7304 7753 7264 7082 7114 7250 7583 7641 7539 7236 7408 7140 7463 


Pivot: 7463
Left: 7469 7585 7713 7574 7578 7466 7479 7508 7652 7641 7671 7569 7633 7753 7583 7641 7539 
Right: 7326 7201 7148 7462 7414 7114 7409 7166 7093 7086 7180 7323 7446 7320 7088 7078 7275 7361 7148 7304 7264 7082 7114 7250 7236 7408 7140 


Pivot: 7140
Left: 7326 7201 7148 7462 7414 7409 7166 7180 7323 7446 7320 7275 7361 7148 7304 7264 7250 7236 7408 
Right: 7114 7093 7086 7088 7078 7082 7114 


Pivot: 7114
Left: 
Right: 7093 7086 7088 7078 7082 


Pivot: 7082
Left: 7093 7086 7088 
Right: 7078 


Pivot: 7088
Left: 7093 
Right: 7086 


Pivot: 7408
Left: 7462 7414 7409 7446 
Right: 7326 7201 7148 7166 7180 7323 7320 7275 7361 7148 7304 7264 7250 7236 


Pivot: 7236
Left: 7326 7323 7320 7275 7361 7304 7264 7250 
Right: 7201 7148 7166 7180 7148 


Pivot: 7148
Left: 7201 7166 7180 
Right: 


Pivot: 7180
Left: 7201 
Right: 7166 


Pivot: 7250
Left: 7326 7323 7320 7275 7361 7304 7264 
Right: 


Pivot: 7264
Left: 7326 7323 7320 7275 7361 7304 
Right: 


Pivot: 7304
Left: 7326 7323 7320 7361 
Right: 7275 


Pivot: 7361
Left: 
Right: 7326 7323 7320 


Pivot: 7320
Left: 7326 7323 
Right: 


Pivot: 7446
Left: 7462 
Right: 7414 7409 


Pivot: 7539
Left: 7585 7713 7574 7578 7652 7641 7671 7569 7633 7753 7583 7641 
Right: 7469 7466 7479 7508 


Pivot: 7508
Left: 
Right: 7469 7466 7479 


Pivot: 7479
Left: 
Right: 7469 7466 


Pivot: 7641
Left: 7713 7652 7671 7753 
Right: 7585 7574 7578 7569 7633 7583 


Pivot: 7583
Left: 7585 7633 
Right: 7574 7578 7569 


Pivot: 7569
Left: 7574 7578 
Right: 


Pivot: 7753
Left: 
Right: 7713 7652 7671 


Pivot: 7671
Left: 7713 
Right: 7652 


Pivot: 8548
Left: 9972 9564 9690 9061 8907 8890 8850 9034 9929 9098 9513 9400 9466 9894 8766 8615 9196 9046 9231 9509 9046 9582 9144 9774 8639 8854 9388 9544 9012 8817 9667 9713 9007 8903 8609 8919 8849 9065 9778 9208 8935 8570 8715 8821 8579 8956 8898 9600 9193 9012 9564 9214 9641 9329 9877 9441 9889 8718 9918 8957 9661 8812 9734 9637 9438 9155 
Right: 8102 8183 7923 7900 8449 8488 8078 8133 8244 8368 8383 8259 7772 7858 8439 8052 8439 8004 8179 8480 8336 8396 8436 7784 8059 8407 8427 8256 7948 7890 8491 8057 8289 8076 7935 7825 7801 8141 7909 7889 7823 8442 8210 8407 8001 8397 8097 7815 7921 8529 8505 8354 


Pivot: 8354
Left: 8449 8488 8368 8383 8439 8439 8480 8396 8436 8407 8427 8491 8442 8407 8397 8529 8505 
Right: 8102 8183 7923 7900 8078 8133 8244 8259 7772 7858 8052 8004 8179 8336 7784 8059 8256 7948 7890 8057 8289 8076 7935 7825 7801 8141 7909 7889 7823 8210 8001 8097 7815 7921 


Pivot: 7921
Left: 8102 8183 7923 8078 8133 8244 8259 8052 8004 8179 8336 8059 8256 7948 8057 8289 8076 7935 8141 8210 8001 8097 
Right: 7900 7772 7858 7784 7890 7825 7801 7909 7889 7823 7815 


Pivot: 7815
Left: 7900 7858 7890 7825 7909 7889 7823 
Right: 7772 7784 7801 


Pivot: 7801
Left: 
Right: 7772 7784 


Pivot: 7823
Left: 7900 7858 7890 7825 7909 7889 
Right: 


Pivot: 7889
Left: 7900 7890 7909 
Right: 7858 7825 


Pivot: 7909
Left: 
Right: 7900 7890 


Pivot: 8097
Left: 8102 8183 8133 8244 8259 8179 8336 8256 8289 8141 8210 
Right: 7923 8078 8052 8004 8059 7948 8057 8076 7935 8001 


Pivot: 8001
Left: 8078 8052 8004 8059 8057 8076 
Right: 7923 7948 7935 


Pivot: 7935
Left: 7948 
Right: 7923 


Pivot: 8076
Left: 8078 
Right: 8052 8004 8059 8057 


Pivot: 8057
Left: 8059 
Right: 8052 8004 


Pivot: 8210
Left: 8244 8259 8336 8256 8289 
Right: 8102 8183 8133 8179 8141 


Pivot: 8141
Left: 8183 8179 
Right: 8102 8133 


Pivot: 8289
Left: 8336 
Right: 8244 8259 8256 


Pivot: 8256
Left: 8259 
Right: 8244 


Pivot: 8505
Left: 8529 
Right: 8449 8488 8368 8383 8439 8439 8480 8396 8436 8407 8427 8491 8442 8407 8397 


Pivot: 8397
Left: 8449 8488 8439 8439 8480 8436 8407 8427 8491 8442 8407 
Right: 8368 8383 8396 


Pivot: 8396
Left: 
Right: 8368 8383 


Pivot: 8407
Left: 8449 8488 8439 8439 8480 8436 8427 8491 8442 
Right: 


Pivot: 8442
Left: 8449 8488 8480 8491 
Right: 8439 8439 8436 8427 


Pivot: 8427
Left: 8439 8439 8436 
Right: 


Pivot: 8436
Left: 8439 8439 
Right: 


Pivot: 8491
Left: 
Right: 8449 8488 8480 


Pivot: 8480
Left: 8488 
Right: 8449 


Pivot: 9155
Left: 9972 9564 9690 9929 9513 9400 9466 9894 9196 9231 9509 9582 9774 9388 9544 9667 9713 9778 9208 9600 9193 9564 9214 9641 9329 9877 9441 9889 9918 9661 9734 9637 9438 
Right: 9061 8907 8890 8850 9034 9098 8766 8615 9046 9046 9144 8639 8854 9012 8817 9007 8903 8609 8919 8849 9065 8935 8570 8715 8821 8579 8956 8898 9012 8718 8957 8812 


Pivot: 8812
Left: 9061 8907 8890 8850 9034 9098 9046 9046 9144 8854 9012 8817 9007 8903 8919 8849 9065 8935 8821 8956 8898 9012 8957 
Right: 8766 8615 8639 8609 8570 8715 8579 8718 


Pivot: 8718
Left: 8766 
Right: 8615 8639 8609 8570 8715 8579 


Pivot: 8579
Left: 8615 8639 8609 8715 
Right: 8570 


Pivot: 8715
Left: 
Right: 8615 8639 8609 


Pivot: 8609
Left: 8615 8639 
Right: 


Pivot: 8957
Left: 9061 9034 9098 9046 9046 9144 9012 9007 9065 9012 
Right: 8907 8890 8850 8854 8817 8903 8919 8849 8935 8821 8956 8898 


Pivot: 8898
Left: 8907 8903 8919 8935 8956 
Right: 8890 8850 8854 8817 8849 8821 


Pivot: 8821
Left: 8890 8850 8854 8849 
Right: 8817 


Pivot: 8849
Left: 8890 8850 8854 
Right: 


Pivot: 8854
Left: 8890 
Right: 8850 


Pivot: 8956
Left: 
Right: 8907 8903 8919 8935 


Pivot: 8935
Left: 
Right: 8907 8903 8919 


Pivot: 8919
Left: 
Right: 8907 8903 


Pivot: 9012
Left: 9061 9034 9098 9046 9046 9144 9065 
Right: 9007 


Pivot: 9065
Left: 9098 9144 
Right: 9061 9034 9046 9046 


Pivot: 9046
Left: 9061 
Right: 9034 


Pivot: 9438
Left: 9972 9564 9690 9929 9513 9466 9894 9509 9582 9774 9544 9667 9713 9778 9600 9564 9641 9877 9441 9889 9918 9661 9734 9637 
Right: 9400 9196 9231 9388 9208 9193 9214 9329 


Pivot: 9329
Left: 9400 9388 
Right: 9196 9231 9208 9193 9214 


Pivot: 9214
Left: 9231 
Right: 9196 9208 9193 


Pivot: 9193
Left: 9196 9208 
Right: 


Pivot: 9637
Left: 9972 9690 9929 9894 9774 9667 9713 9778 9641 9877 9889 9918 9661 9734 
Right: 9564 9513 9466 9509 9582 9544 9600 9564 9441 


Pivot: 9441
Left: 9564 9513 9466 9509 9582 9544 9600 9564 
Right: 


Pivot: 9564
Left: 9582 9600 
Right: 9513 9466 9509 9544 


Pivot: 9544
Left: 
Right: 9513 9466 9509 


Pivot: 9509
Left: 9513 
Right: 9466 


Pivot: 9734
Left: 9972 9929 9894 9774 9778 9877 9889 9918 
Right: 9690 9667 9713 9641 9661 


Pivot: 9661
Left: 9690 9667 9713 
Right: 9641 


Pivot: 9713
Left: 
Right: 9690 9667 


Pivot: 9918
Left: 9972 9929 
Right: 9894 9774 9778 9877 9889 


Pivot: 9889
Left: 9894 
Right: 9774 9778 9877 


Pivot: 9877
Left: 
Right: 9774 9778 


Size: 650

Steps quick: 6581
8 25 32 35 50 55 63 65 71 83 106 122 145 215 222 232 236 239 280 289 302 314 335 343 365 387 391 402 411 412 418 419 429 445 468 476 494 523 546 552 557 558 560 575 581 592 624 629 678 688 703 708 733 734 739 741 749 758 787 802 815 850 881 894 922 928 965 988 996 1001 1012 1024 1032 1050 1057 1059 1061 1076 1083 1090 1133 1137 1148 1161 1175 1188 1194 1196 1210 1214 1228 1300 1314 1320 1344 1350 1356 1375 1378 1380 1385 1393 1434 1544 1561 1576 1579 1595 1601 1617 1651 1664 1685 1686 1688 1693 1737 1808 1822 1831 1845 1857 1908 1915 1917 1963 1990 2017 2038 2100 2119 2136 2140 2146 2151 2201 2202 2256 2279 2299 2300 2300 2312 2316 2324 2326 2333 2342 2343 2355 2375 2380 2401 2413 2416 2417 2421 2431 2439 2449 2453 2454 2511 2527 2538 2554 2567 2586 2598 2603 2604 2637 2662 2665 2680 2681 2685 2719 2742 2745 2755 2760 2763 2785 2786 2789 2790 2804 2809 2827 2856 2865 2880 2938 2945 2977 2988 3000 3029 3058 3060 3085 3105 3114 3124 3125 3129 3131 3202 3208 3266 3301 3308 3339 3358 3369 3371 3404 3410 3424 3442 3466 3470 3476 3482 3520 3535 3543 3554 3559 3563 3611 3623 3624 3633 3637 3646 3652 3662 3666 3686 3701 3742 3759 3762 3778 3783 3802 3825 3826 3828 3828 3833 3840 3860 3887 3899 3899 3958 3987 3988 4003 4032 4064 4094 4095 4105 4163 4216 4226 4228 4236 4250 4251 4271 4272 4298 4303 4311 4325 4329 4330 4332 4341 4346 4355 4363 4368 4371 4398 4404 4417 4431 4451 4461 4461 4468 4482 4495 4556 4567 4569 4627 4628 4641 4643 4661 4710 4717 4729 4732 4756 4772 4775 4792 4793 4802 4806 4813 4824 4832 4845 4858 4879 4887 4888 4891 4898 4953 4981 4984 4998 5001 5004 5031 5045 5052 5058 5075 5093 5100 5129 5162 5230 5232 5234 5263 5278 5282 5292 5360 5361 5362 5390 5414 5440 5465 5483 5484 5529 5541 5576 5577 5593 5605 5619 5630 5647 5652 5664 5668 5671 5685 5694 5735 5740 5748 5782 5804 5817 5819 5845 5852 5855 5856 5907 5912 5913 5938 5945 5948 5970 5971 5978 6007 6011 6040 6054 6062 6092 6097 6123 6126 6153 6156 6159 6215 6216 6219 6247 6253 6297 6303 6334 6339 6357 6359 6369 6372 6388 6430 6442 6443 6463 6469 6475 6500 6503 6505 6567 6582 6591 6602 6610 6613 6614 6617 6623 6659 6674 6678 6679 6707 6712 6717 6728 6733 6735 6740 6751 6756 6761 6764 6784 6790 6804 6815 6818 6830 6856 6873 6894 6905 6913 6915 6920 6945 7003 7013 7026 7064 7073 7077 7078 7082 7086 7088 7093 7114 7140 7148 7166 7180 7201 7236 7250 7264 7275 7304 7320 7323 7326 7361 7408 7409 7414 7446 7462 7463 7466 7469 7479 7508 7539 7569 7574 7578 7583 7585 7633 7641 7652 7671 7713 7753 7755 7772 7784 7801 7815 7823 7825 7858 7889 7890 7900 7909 7921 7923 7935 7948 8001 8004 8052 8057 8059 8076 8078 8097 8102 8133 8141 8179 8183 8210 8244 8256 8259 8289 8336 8354 8368 8383 8396 8397 8407 8427 8436 8439 8439 8442 8449 8480 8488 8491 8505 8529 8548 8570 8579 8609 8615 8639 8715 8718 8766 8812 8817 8821 8849 8850 8854 8890 8898 8903 8907 8919 8935 8956 8957 9007 9012 9034 9046 9061 9065 9098 9144 9155 9193 9196 9208 9214 9231 9329 9388 9400 9438 9441 9466 9509 9513 9544 9564 9582 9600 9637 9641 9661 9667 9690 9713 9734 9774 9778 9877 9889 9894 9918 9929 9972 
Steps bubble: 421850
8 25 32 35 50 55 63 65 71 83 106 122 145 215 222 232 236 239 280 289 302 314 335 343 365 387 391 402 411 412 418 419 429 445 468 476 494 523 546 552 557 558 560 575 581 592 624 629 678 688 703 708 733 734 739 741 749 758 787 802 815 850 881 894 922 928 965 988 996 1001 1012 1024 1032 1050 1057 1059 1061 1076 1083 1090 1133 1137 1148 1161 1175 1188 1194 1196 1210 1214 1228 1300 1314 1320 1344 1350 1356 1375 1378 1380 1385 1393 1434 1544 1561 1576 1579 1595 1601 1617 1651 1664 1685 1686 1688 1688 1693 1737 1737 1808 1822 1831 1845 1857 1908 1915 1915 1917 1963 1990 2017 2038 2100 2119 2136 2140 2146 2151 2201 2202 2256 2279 2299 2300 2300 2312 2316 2324 2326 2333 2342 2343 2355 2375 2380 2401 2413 2416 2417 2421 2431 2439 2449 2453 2454 2511 2527 2538 2538 2554 2567 2586 2598 2603 2604 2637 2662 2665 2680 2681 2685 2719 2742 2745 2755 2760 2763 2785 2786 2789 2790 2804 2809 2827 2827 2856 2865 2880 2938 2945 2977 2988 3000 3029 3058 3060 3085 3105 3114 3124 3125 3129 3131 3202 3208 3266 3301 3308 3339 3358 3369 3371 3404 3410 3424 3442 3466 3470 3476 3482 3520 3535 3543 3554 3559 3563 3611 3623 3624 3633 3637 3646 3652 3662 3666 3686 3701 3742 3759 3762 3778 3783 3802 3825 3826 3828 3828 3833 3840 3860 3887 3899 3899 3958 3987 3988 4003 4032 4064 4094 4095 4105 4163 4216 4226 4228 4236 4250 4251 4271 4272 4298 4303 4311 4325 4329 4330 4332 4341 4346 4355 4363 4368 4371 4398 4404 4417 4431 4451 4461 4461 4468 4482 4495 4556 4567 4569 4627 4628 4641 4643 4661 4710 4717 4729 4732 4756 4756 4772 4775 4792 4793 4802 4806 4813 4824 4832 4845 4858 4879 4887 4888 4891 4898 4953 4981 4984 4998 5001 5004 5031 5045 5052 5058 5075 5093 5100 5129 5162 5230 5232 5234 5263 5278 5282 5292 5360 5361 5362 5390 5414 5440 5465 5483 5484 5529 5541 5576 5577 5593 5605 5619 5630 5647 5652 5664 5668 5671 5685 5694 5740 5748 5782 5804 5817 5819 5845 5852 5855 5856 5907 5912 5913 5938 5945 5948 5970 5971 5978 6007 6011 6040 6054 6062 6092 6097 6123 6126 6153 6156 6159 6215 6216 6219 6247 6253 6297 6303 6334 6334 6339 6357 6359 6369 6372 6388 6430 6442 6443 6463 6463 6469 6475 6500 6503 6505 6567 6582 6591 6602 6610 6613 6614 6617 6623 6659 6674 6678 6679 6707 6707 6712 6717 6728 6733 6735 6740 6751 6756 6756 6761 6764 6784 6790 6804 6815 6818 6830 6856 6873 6894 6905 6913 6915 6920 6945 7003 7013 7026 7064 7073 7077 7078 7082 7086 7088 7093 7114 7114 7140 7148 7148 7166 7180 7201 7236 7250 7264 7275 7304 7320 7323 7326 7361 7408 7409 7414 7446 7462 7463 7466 7469 7479 7508 7539 7569 7574 7578 7583 7585 7633 7641 7641 7652 7671 7713 7753 7755 7772 7784 7801 7815 7823 7825 7858 7889 7890 7900 7909 7921 7923 7935 7948 8001 8004 8052 8057 8059 8076 8078 8097 8102 8133 8141 8179 8183 8210 8244 8256 8259 8289 8336 8354 8368 8383 8396 8397 8407 8407 8427 8436 8439 8439 8442 8449 8480 8488 8491 8505 8529 8548 8570 8579 8609 8615 8639 8715 8718 8766 8812 8817 8821 8849 8850 8854 8890 8898 8903 8907 8919 8935 8956 8957 9007 9012 9012 9034 9046 9046 9061 9065 9098 9144 9155 9193 9196 9208 9214 9231 9329 9388 9400 9438 9441 9466 9509 9513 9544 9564 9564 9582 9600 9637 9641 9661 9667 9690 9713 9734 9774 9778 9877 9889 9894 9918 9929 9972 5735 